m1 = 0.001;
mc11 = 0.8321105749119099;
mc12 = 0.0;
mc13 = 0.0;
Ic111 = 0.0;
Ic122 = 692.4080088802292;
Ic133 = 692.5915675841017;
Ic112 = 692.4080088802292;
Ic113 = 692.4080088802292;
Ic123 = 692.4080088802292;
Ia1 = 0.0;
fv1 = 0.0;
fc1 = 0.2144533469078645;
m2 = 0.001;
mc21 = 0.000299389897727089;
mc22 = 0.005556885697326368;
mc23 = 0.0;
Ic211 = 1.6888587410509828;
Ic222 = 8.963431086103669e-05;
Ic233 = 4.9184423664942;
Ic212 = -0.06009804447027969;
Ic213 = -0.34588751025584896;
Ic223 = -0.07389719364759675;
Ia2 = 0.0;
fv2 = -0.9851921312103571;
fc2 = 0.4963342368957972;
m3 = -0.0009529313378795368;
mc31 = -0.00010077130883084572;
mc32 = 0.002108732313828313;
mc33 = -0.008563826830851148;
Ic311 = 0.9582764805513216;
Ic322 = -0.07697226644755575;
Ic333 = 0.031161817205146727;
Ic312 = 0.2089918156058941;
Ic313 = -0.3193039184953162;
Ic323 = -0.15403081913340919;
Ia3 = -0.0038258985657782614;
fv3 = 0.03602607814280523;
fc3 = 0.44734958909155825;
m4 = 0.001;
mc41 = 6.4653094899162836e-06;
mc42 = -0.00282842038042426;
mc43 = -0.002061591792100983;
Ic411 = 1.402154303815331;
Ic422 = 0.004250202517484944;
Ic433 = 1.8571595380886419;
Ic412 = -0.13942499062353936;
Ic413 = -0.03429415450009481;
Ic423 = 0.11490619879783101;
Ia4 = -1.0098968967109005;
fv4 = 1.1792643092334647;
fc4 = 0.5066352959310249;
m5 = -0.0009962436087870598;
mc51 = 2.6665989756183166e-05;
mc52 = 0.0024686867970408538;
mc53 = -0.0012559874857972165;
Ic511 = 0.21188988452926763;
Ic522 = -0.0015841663881893202;
Ic533 = 0.16426976603063392;
Ic512 = -0.03181504726882367;
Ic513 = -0.12409003982582353;
Ic523 = -0.14588781415972465;
Ia5 = -0.19621962325498146;
fv5 = -0.05818260618296461;
fc5 = 0.4104143866289159;
m6 = 0.001;
mc61 = 8.855326416496875e-06;
mc62 = -0.0008909243461288614;
mc63 = -0.002509209571742017;
Ic611 = -0.1717066287113356;
Ic622 = 0.0062962110917276996;
Ic633 = 0.20092501359817305;
Ic612 = -0.15257860229152273;
Ic613 = -0.03009339900796999;
Ic623 = -0.12148835060125308;
Ia6 = -0.296400081045073;
fv6 = 0.3718285065310339;
fc6 = 0.350532530450562;
m7 = -2.177800800211829e-06;
mc71 = -9.410852864526094e-06;
mc72 = 3.969996522957603e-05;
mc73 = 6.570004949755873e-05;
Ic711 = 0.10301130102594919;
Ic722 = -0.002022710550565946;
Ic733 = -0.04958931268739968;
Ic712 = -0.0027972366641841294;
Ic713 = -0.09978891132564921;
Ic723 = 0.06049527406629926;
Ia7 = -0.13288478113182645;
fv7 = -0.25807715357902533;
fc7 = 0.5418783994377251;
